{
  "gpt-5-2025-08-07": 0.1,
  "claude-opus-4-20250514-thinking": 0.1,
  "gpt-4.1-mini": 0.25,
  "claude-opus-4-7": 0.1,
  "claude-opus-4-7-high": 0.1,
  "gpt-4o-mini-2024-07-18": 0.5,
  "claude-opus-4-7-thinking": 0.1,
  "gpt-5-nano": 0.1,
  "claude-opus-4-5-20251101": 0.1,
  "claude-sonnet-4-5-20250929": 0.1,
  "claude-opus-4-7-xhigh": 0.1,
  "claude-opus-4-7-low": 0.1,
  "claude-opus-4-5-20251101-thinking": 0.1,
  "gpt-4.1-nano": 0.25,
  "gpt-5-nano-2025-08-07": 0.1,
  "claude-opus-4-7-max": 0.1,
  "gpt-5-mini": 0.1,
  "gpt-4o-mini": 0.5,
  "o1-2024-12-17": 0.5,
  "claude-sonnet-4-20250514": 0.1,
  "gemini-3-pro-preview": 0.1,
  "gemini-3.1-pro-preview": 0.1,
  "gpt-4.1": 0.25,
  "claude-opus-4-1-20250805-thinking": 0.1,
  "gpt-4o-2024-08-06": 0.5,
  "gpt-4o-2024-11-20": 0.5,
  "claude-opus-4-7-medium": 0.1,
  "o1-preview-2024-09-12": 0.5,
  "claude-opus-4-1-20250805": 0.1,
  "claude-opus-4-20250514": 0.1,
  "gpt-5-mini-2025-08-07": 0.1,
  "gemini-3-flash-preview": 0.1,
  "claude-opus-4-6": 0.1,
  "claude-sonnet-4-20250514-thinking": 0.1,
  "claude-opus-4-6-max": 0.1,
  "o3-mini-2025-01-31": 0.5,
  "claude-opus-4-6-high": 0.1,
  "claude-opus-4-6-thinking": 0.1,
  "o1": 0.5,
  "claude-haiku-4-5-20251001": 0.1,
  "gpt-5": 0.1,
  "o1-mini-2024-09-12": 0.5,
  "gpt-5-chat-latest": 0.1,
  "claude-sonnet-4-5-20250929-thinking": 0.1,
  "claude-opus-4-6-low": 0.1,
  "gpt-4o": 0.5,
  "claude-opus-4-6-medium": 0.1,
  "o3-mini": 0.5,
  "deepseek-chat": 0.02,
  "deepseek-coder": 0.02,
  "deepseek-reasoner": 0.02,
  "deepseek-v4-flash": 0.02,
  "deepseek-v4-flash-none": 0.02,
  "deepseek-v4-flash-max": 0.02,
  "deepseek-v4-pro": 0.00833,
  "deepseek-v4-pro-none": 0.00833,
  "deepseek-v4-pro-max": 0.00833
}